1263.938514659038
1303.5691844729276
500.51538631893123
1230.3230854181143
596.2750234175473
1252.9691824546228
1287.8230701272305
534.1111216694117
1315.4356474322933
484.02221873402596
1216.535656047719
502.319997176528
1254.030718253209
1346.6499745845795
1358.5332781076431
1250.4922655912546
1334.5307742173854
1281.9846232350055
1238.6384491737072
538.455555215478
1238.107681274414
490.05333334207535
1253.1713981713567
531.3000176101923
1215.3856589325837
1247.1307355623978
1256.3307124834794
487.77692449780614
500.25000236928463
1249.557121523789
1352.2230375271577
1216.535656047719
1347.446126433519
1244.9571330632482
1153.3616110682487
1237.071438559464
1315.0692845766362
1302.8614939405368
1243.6428506459508
522.3874992225319
577.6285592998777
592.41429636521
596.3571436171021
1268.892348385774
491.8461450590537
1315.6000524759293
486.8812335189432
1328.515404692063
1280.0384742709307
525.1076967956928
1266.8070782508169
480.564683675766
1220.4786230410848
1196.1642785796098
597.080010920763
1364.6077507963548
1230.6643117751394
1238.057150372437
1111.7213937853064
1236.86922284273
501.2230768513221
1252.8428275670324
1284.0571547193188
1224.6615611589873
512.2100142762065
1255.2691766848932
499.6307731534426
1261.5499485816274
1208.814246846097
515.8272741193122
475.23751272819936
587.4199932441115
400.2802420494168
428.2058928819264
818.7998319044709
381.04305821883526
385.5238003390176
396.43376134335995
387.7471520432404
384.1128595714463
793.500104919076
384.83056951971616
451.8222529441118
391.8944392353296
388.49707035457385
391.60526896777907
383.32153111696243
392.5423543242847
392.1948228176538
387.065058731171
584.9666311405599
814.2001053784043
407.5768290133011
384.01480350229474
383.8728285498089
386.8119457542007
396.6044115869305
531.3000082969666
395.5483018012529
399.3238056344645
397.2279270748039
616.3999205455184
490.66669307649136
607.1999436244369
388.1085797079972
396.1819437253906
391.8944392353296
389.64092223481697
386.34712069199
448.3083263039589
399.36808195519956
391.60882725435147
382.2988056274782
385.43313646772106
387.78629307061027
402.17566375549023
383.98051416719113
554.3000414036214
454.7099908813834
386.4270755473305
386.50825181428127
387.6519023994856
860.1998328231275
489.5713978580066
853.3000596798956
394.9610982090235
474.31113198399544
404.37631603134304
393.482537141868
393.0578792565747
389.84999991953373
386.60675119817927
384.98460755243406
414.83638977462596
388.029171153903
377.0539803164346
841.7998789809644
389.59444500505924
385.5585506776484
394.1846151764576
395.9720516029526
394.6182840481037
809.6000645309687
385.3302405670632
390.61125577755377
384.61112840609115
538.2000119425356
392.10841957345065
384.69628327422674
390.08628730088066
855.6001062970608
390.7325525963029
386.6674465148948
453.7272775037722
386.1294292351779
388.3308420578639
381.2278175882518
542.0332658104599
387.8154003849396
811.900058761239
396.8176377170226
395.37833128348893
413.26526552438736
389.76417715424924
393.8048714544715
403.01111127649034
395.2485974878073
397.2253203392029
388.2345078246934
825.6999717559665
388.5930230797723
384.61493634021105
841.7998789809644
876.3001067563891
405.5885598063469
390.78096992203166
396.71035162333783
390.65927267074585
399.7740646203359
441.5999970991503
528.999965172261
495.07496296428144
378.5725773101853
422.13846642810563
541.266705840826
466.6444379836321
507.7250360045582
481.16000834852457
378.3751877337477
447.6374771911651
379.796199161898
537.4333122745156
379.7022032213735
435.0833245553076
396.3228687644005
496.80001102387905
386.7508433127807
388.699992966484
392.9515199905092
378.68824677870555
382.2312436320565
383.21213248898
528.233265504241
392.41916321693583
384.866664635724
383.931725490384
818.7998319044709
396.80226790634066
379.81626112014055
383.2785678761346
381.38435009014177
382.838701048205
825.6999717559665
384.93374828249216
440.94285861189877
474.71998259425163
519.0333584323525
376.7116403538887
383.9438160260518
379.94230882479593
526.7000407911837
378.4121492424527
380.0476236002786
394.5138771086931
525.9333760477602
534.3667231500149
459.3428723247988
461.1499956808984
380.03361225128174
384.89222526550293
445.81666588783264
391.13529903047225
388.62067820696996
890.0999673642218
385.6640160083771
383.47529868284863
381.7202426450101
655.5000843945891
380.9826310015907
385.07962599396706
380.9070499504314
383.6026918646452
378.5731354311331
382.3914272444589
392.46865963361347
795.8001515362412
386.6771078971495
396.8573212623596
493.92501823604107
461.2777382135391
528.999965172261
376.9063648391277
530.5333295837045
378.88293040961753
495.07496296428144
380.5415037105668
384.87904014125945
453.8666922599077
403.78721261566335
532.8333587385714
528.233265504241
379.4207012858884
536.6666475310922
380.42000960558653
540.5000410974026
383.41000210493803
387.1666733175516
386.8710833141603
379.96249435388523
383.2566738128662
387.3441917331595
381.20758465745234
791.2000583019108
385.2103419345001
385.0093111395836
388.04693354500665
496.80001102387905
401.33332266755724
784.29997083731
381.3456743955612
532.8333587385714
545.8666943013668
465.36665176972747
538.9666766859591
461.53332805261016
380.93376856345634
512.325024465099
382.60702828043384
378.0458098457706
531.2999943271279
392.8220939713639
389.0436656516174
823.3999251388013
391.61550222148355
389.2690634604582
388.444463411967
384.91953806630494
385.73010598571557
383.07175040245056
599.1499638184905
381.2772687524557
437.2090990231796
391.43670303157614
383.55880800415486
522.8666472248733
384.8576677196166
800.3998780623078
405.63056245446205
477.63335751369596
388.5207625178548
391.82346728112964
383.782759308815
591.100036399439
387.6463702604091
514.2800090834498
401.26899913163254
429.6687460737303
487.59999219328165
382.7730623575357
393.4703767299652
403.08307908790215
385.4301230735089
611.8000368587673
396.1682275814169
389.1259431838989
491.1777563393116
384.62406189381323
386.55861441431375
393.6776251935247
384.1000009481221
641.7000142391771
398.04374682717025
401.6636302331825
816.5001519955695
403.63614189337534
809.6000645309687
462.68332516774535
376.40242146388175
374.6909089386463
400.6878642196005
528.999965172261
431.0503022042577
458.85000145062804
431.63333320990205
545.8666943013668
385.4476584820077
378.87913683440786
528.233265504241
530.5333295837045
382.52871594216566
385.3311564992456
816.5001519955695
395.5812897624039
392.95703172683716
830.300064990297
389.66353277902346
391.54118036522584
860.1998328231275
390.11324385562574
389.6898719706113
395.4135183546994
498.52500669658184
777.3998309858143
383.237493224442
788.9000640716404
471.49996971711516
390.4786705970764
381.39813174545543
384.8666846752167
382.2367261104946
376.31407380104065
383.3426616904212
380.32143243721555
385.05367389539396
381.81902024864166
392.903464621511
384.7621211951429
535.1332831196487
539.7333763539791
470.57999297976494
372.62959591445434
379.88333497196436
502.16662930324674
546.6333590447903
531.2999943271279
526.7000407911837
389.62638936936855
531.2999943271279
382.45412256192725
383.1200010102728
416.5090747516264
460.0000334903598
378.29772315242076
383.2785678761346
606.0498941224068
394.36154395014375
606.0498941224068
388.4294234654483
600.3000133205205
383.28822044765246
804.9999712966383
380.56583938802163
379.38642005125683
807.3000179138035
386.72472185948317
430.8666684664786
531.2999943271279
388.6701127925476
391.59529787652633
384.12806646126074
389.56951622555897
416.14665649831295
612.9500339739025
497.95000813901424
392.72502064704895
408.4799811244011
370.9851030973678
484.1500078327954
541.266705840826
468.81664311513305
403.1439945101738
405.05556389689445
401.0295190039228
496.80001102387905
781.3291624188423
400.4500158455061
388.5789431239429
390.8591953163244
391.04424918500274
390.4523860130991
398.41935579334535
475.71666073054075
617.5499176606536
532.0534431214991
396.1609631049924
425.0818186185577
408.0684120325666
388.98355034116196
405.95001326157495
406.4428433775902
393.24389725196653
807.3000179138035
588.0333948880434
434.6999921835959
587.7937423065305
821.0998785216361
396.9719339358179
515.1999648660421
440.76363556087017
393.4314234980515
379.4999955141026
376.8955795642208
368.5530807290758
602.6000599376857
405.45716349567687
422.05001518595964
400.59655840540756
410.9999893800072
454.4799914583564
396.01817896420306
823.3999251388013
609.4999902416021
591.100036399439
398.08818901127034
433.0272913317789
421.9615437950079
399.3882441564518
429.44285752517834
396.0451682008082
390.51859964464984
418.60000867592663
377.3903461365864
424.6785837624754
540.5000410974026
430.5181686173786
860.1998328231275
381.64582665406124
821.0998785216361
382.64403034240826
531.3000082969666
418.05881020777366
617.5499176606536
502.549996599555
398.2709690688118
379.5579701912503
405.31111881136894
413.0800114944577
397.94693263817805
410.0900189951062
382.4920253416078
857.900152914226
400.4967699368154
474.25998374819756
381.7999870939688
516.7333292774856
406.2526271139321
389.9500057425188
440.6416788697243
387.47332990169525
387.26888597011566
373.764553024799
396.6454501179132
522.8666472248733
407.7388904988766
392.50936824828386
413.01429737359285
573.1791607104242
386.85245042453045
607.1477281776341
392.3920914530754
437.4928672664932
389.13621342387694
392.0514269598893
440.61428800757443
386.92572553242957
412.8780352269731
594.5500801317394
587.2666602954268
468.27999874949455
410.6545439836654
455.65557666122913
652.7264602482319
525.1666763797402
869.4000192917883
516.9250129256397
798.0998314451426
424.1470795343904
431.94000609219074
515.1999648660421
393.29999948249144
426.4684099900095
541.266705840826
445.81666588783264
383.68633325151404
814.2001053784043
616.3999205455184
522.8666472248733
392.24582724273205
381.9556388639866
520.2599940821528
398.81133245971967
398.0971500277519
445.6249997019768
414.5366605371237
508.75998102128506
387.9607289231249
484.3800002709031
380.52601497412616
610.6499873567373
430.27693978868996
738.3000177259629
430.27693978868996
427.80000949278474
379.7717714515818
416.30001953588084
451.7199983820319
386.9366738945246
399.20782779946046
407.45937440078706
430.9214252446379
804.790947586298
381.02337872827206
407.1359377121553
607.4090911583467
379.17604958507377
621.2243855726429
459.2332988977432
480.9874983038753
519.800023175776
513.6667052283883
474.1285794547626
532.066693995148
537.4333122745156
397.13334292173386
531.2999943271279
487.1399933472276
438.53335082530975
382.4249881765117
380.0186273806235
377.9295591577407
540.5000410974026
381.5613124730452
379.2138868256619
497.95000813901424
533.6000234819949
471.11663734540343
391.36078866089093
384.100005030632
385.42586214402144
389.74045642784665
384.14893552977986
382.26000498980284
384.31229786230966
389.36062458347766
382.10664689540863
385.7100009918213
483.0000107176602
385.07413776481854
380.9950081631541
818.7998319044709
383.23111832141876
811.900058761239
807.3000179138035
397.3333327018696
396.0842168644855
387.95116422481317
401.61744799724846
402.1592438220978
533.6000234819949
379.518386721611
381.61843426917727
538.2000119425356
506.76672253757715
369.79059895013
424.4777839630842
446.2000331841409
399.07346042443294
504.2750446591526
376.31323807928936
471.039991825819
377.72671696338944
539.7333763539791
414.2190462776593
396.29001170396805
454.0199926123023
532.066693995148
381.2546505755985
378.5416670143604
491.6250240057707
384.310819208622
381.53138419572457
498.52500669658184
502.32003908604383
474.45717999445543
398.5101965313055
389.17107754443066
389.76783731154035
841.7998789809644
385.1939174460202
380.7658979365992
384.22636769630094
434.6999921835959
383.2441992884458
390.1838655433347
390.1963761772018
786.6000174544752
383.95704606832084
416.95714462548494
389.18706862365497
878.6001533735543
383.8293955606573
388.94392888654363
804.9999712966383
788.9000640716404
382.94998928904533
387.2443084852605
392.92703810575847
392.4055490642786
386.1940368565161
405.64736547438724
389.01474915052717
400.5504612411772
394.3046105319056
392.76510563700697
389.8074229558309
798.0998314451426
811.900058761239
382.7836575373164
798.0998314451426
492.7750211209059
388.3602436293255
890.0999673642218
814.2001053784043
390.0471462735108
395.86538019088596
386.8128387973859
594.5500801317394
387.05712982586454
383.8809473173959
802.699924679473
383.5809369959256
390.4968732967973
455.1699897274375
451.4272832735018
626.7498945817351
814.2001053784043
425.84075902899104
828.0000183731318
581.9000594783574
435.9545186161995
400.51362223245883
572.6999952457845
387.58286674107825
379.67791132505425
379.2682272750278
638.2499181199819
616.3999205455184
662.4000146985054
386.37722113935075
461.53333969414234
532.066693995148
526.6999884042889
489.89999340847135
599.1499638184905
644.0000608563423
538.9666766859591
396.9529314952738
455.65557666122913
428.3749731257558
518.2666936889291
425.50001731690236
407.8077009091011
451.12854734595334
465.85451980883425
405.1833297125995
419.4214241579175
392.4275844775397
393.0535732901522
382.96437822282314
379.0576870624836
519.800023175776
393.09091358022255
485.2999874856323
528.999965172261
411.7793178763883
375.5192236544994
382.1037639424486
531.2999943271279
383.57623806684325
382.2159616554037
494.49996440671384
395.99149468097283
382.1641579270363
380.7417733568541
839.4998323637992
384.4942791121347
381.95082337641327
380.5706984010236
504.2750446591526
528.999965172261
537.4333122745156
396.1202422423022
388.14929012261643
402.44104770513684
391.6418526408284
411.8394021960822
385.5559496431176
383.41000210493803
383.7752780493568
380.8863103797991
385.7845073224793
383.45489741825475
382.26583996151066
382.4686198387035
381.9135742055045
481.4666463062167
389.19878831828936
860.1998328231275
823.3999251388013
383.7955869076883
383.34233795895295
389.3509472035012
381.0247050577335
386.2380273115467
392.3301057643201
397.37976289221217
385.0035635488374
387.5285572146777
386.0771950138243
399.7818058864637
492.2000225633383
377.89633583038227
486.4499846007675
383.8597143541521
489.9000283330679
381.28367492130826
528.999965172261
474.08751561306417
376.2502390057293
540.5000410974026
532.8333587385714
535.1332831196487
391.0000159128292
531.2999943271279
544.3333298899233
479.78001181036234
499.10005764104426
478.40000479482114
793.500104919076
387.8999987374181
388.6999872823556
384.49998297121215
385.33583005417637
385.19651997228
795.8001515362412
382.6333452825961
382.44187571974686
380.20668665790026
382.66665423693865
383.8767125768569
519.7999533265829
380.4718209824092
381.5728343195385
385.6013994663954
387.32001448378844
389.36860252951465
388.430839681879
823.3999251388013
548.9332834258676
379.47929388767966
469.58334278315306
883.199879899621
428.128575107881
556.5999657846987
390.75788502630434
418.74839113123954
415.23214895278215
471.1714440158435
440.6416788697243
496.03329971432686
411.2548345038968
405.87334893643856
406.5742716193199
404.0844365954399
493.3500196784735
489.8999759461731
540.5000410974026
460.0000102072954
419.6733422577381
518.2666936889291
489.8999759461731
537.4333122745156
383.9999842255012
542.7999654784799
469.9666751548648
543.5666302219033
385.3490169079888
421.63601517677307
472.522247582674
506.5749865025282
503.70004610158503
456.55000722035766
372.37247601549893
542.0332658104599
440.53845250835786
476.10001638531685
631.3499878160655
399.9346114981633
406.3333456332867
469.2000104114413
423.5066659748554
433.7315937798274
423.52855671197176
527.4667055346072
445.9125339053571
476.10000308070863
523.6333119682968
485.2999874856323
381.5783255071525
526.7000407911837
375.36581483068346
535.1332831196487
381.0333409186067
525.5499389022589
522.0999475568533
381.8273810403688
514.4332651980221
525.1666763797402
579.6000128611922
408.17812259774655
432.20833176746964
416.46428871899843
594.5500801317394
379.4178632753236
583.0500565934926
437.1916875243187
406.9562506629154
447.5800087675452
384.2815854831746
418.2166652753949
413.40644200963357
413.3428679779172
1249.4307297926682
1351.5153469947668
495.8142692755376
485.628580541483
555.9428395437343
450.6083554588258
487.8874809946865
483.2874925341457
474.45717999445543
1165.2154274857962
483.65712698016847
523.4142898448875
531.2999843486717
1224.0928996886526
526.1249898467213
1195.9999932774476
535.1332831196487
463.45002483576536
489.8999759461731
391.1149827763438
489.3249773886055
470.57999297976494
479.5499495230615
528.233265504241
524.4000116363168
381.05406471200894
527.4667055346072
1223.9538706265962
488.6615376632947
526.0428546794823
522.6749985013157
505.3428467363119
547.0714332269771
503.0428525060415
1332.4077026202128
1302.153803408146
1362.838395513021
449.9785801661866
523.4142898448875
478.07139677128623
518.1571601756981
504.68570552766323
1130.7153850793839
491.04997306130826
1226.0643233145986
1222.1214760627065
383.7270158770922
529.7666299156845
528.233265504241
382.4433585355332
466.1333514377475
539.7333763539791
378.73079938604343
383.22620581851777
424.7333233555158
407.18518818418187
474.45717999445543
468.3374776504934
474.5666868984699
408.3458217792213
410.6176524039577
432.07142235977307
384.5124829398549
397.0754561278055
429.333345964551
401.9249975681305
414.0000091865659
853.3000596798956
430.4538624217877
403.8799926638603
497.95000813901424
384.2815854831746
380.4775094613433
514.4332651980221
379.71393660057424
525.1666763797402
532.066693995148
380.60630801357803
376.1605681994787
495.64996152184904
542.7999654784799
393.2178685707705
404.26332503557205
538.9666766859591
500.8250009268522
385.55725726462504
541.266705840826
466.6444379836321
419.70398649573326
392.99836412805024
379.7920686858041
423.0954599651423
406.20244221716393
473.03331084549427
532.066693995148
501.3999994844198
388.28180933540517
439.71818363802
381.9553986997218
528.233265504241
409.39999744296074
412.24117774297207
454.24996060319245
489.8999759461731
466.8999928981066
455.0166428089142
525.1666763797402
381.5824266623806
391.1337143806524
369.9351030473526
444.2833364009857
423.3045503497124
526.7000407911837
433.93332744017243
386.05151189999145
587.6499402802438
376.5845067904029
434.28179553963923
433.28462455135127
413.10966856056643
781.9999242201447
395.3240141272545
428.95000660791993
425.69164652377367
538.9666766859591
392.53332652151585
541.266705840826
380.605197959132
368.1252535321925
540.5000410974026
466.1333514377475
466.5166838094592
413.3897852532718
428.29286041004315
410.5040095746517
386.16133256340925
399.61024259145444
885.4998741298914
428.5263436797418
411.6258013152307
385.503388815007
477.88890078663826
484.1499379836023
376.56903135038056
409.94472311515557
373.39162687922635
401.8559977412224
414.5111422985792
375.6402381535234
384.20951792172025
811.900058761239
442.1307562062374
385.7235232477679
393.77459990126744
441.18181633001024
451.56669802963734
446.45555317401886
432.0166655816138
415.42380516018187
433.166662696749
429.48667891323566
538.2000119425356
386.3828423530308
388.5662789608157
541.266705840826
408.95769802423627
510.59997640550137
657.9864669490505
556.5999657846987
391.696977683089
388.0834994242363
830.300064990297
404.2127506530031
449.38461640133306
427.54444293677807
460.2555651217699
846.3999722152948
427.570017054677
422.6249875500798
442.94167309999466
424.7333505190909
418.42305889496436
404.21772606765165
405.3914174437523
430.91176844695036
383.73725326269266
459.13750072941184
385.3266779333353
523.8249956164509
522.8666472248733
489.8999759461731
428.7684042202799
386.6139582769815
381.50583155626475
382.25466688705046
522.0999475568533
389.36578325535123
382.71130958818037
412.357146186488
432.0166655816138
431.4416670240462
593.4000830166042
444.58997435867786
368.8761875742958
431.8249993957579
399.0040048956871
378.30578736387764
419.1307816654444
376.6829364521559
781.9999242201447
435.27502566576004
420.4818301580169
1271.3692652491422
1224.9143261994634
481.38996586203575
510.6000287923962
1329.2230952244538
504.8499908298254
1162.0308200900372
1329.2230952244538
509.21997986733913
571.9333305023611
479.78001181036234
530.1500321365893
1186.4461434575228
566.4570988821132
1178.3077023350274
498.52500669658184
1322.5000351667404
1374.5154182498272
1293.7499875468868
380.1609293140214
378.0840230839593
386.69273257255554
389.91765502621143
527.4667055346072
379.0792577513834
376.5204498036341
381.05404960948067
1665.455475449562
1195.6461203786043
516.1856766790152
471.29090790721506
1320.3769635695678
1286.5846116955463
491.33747234009206
518.1571601756981
516.3499619811773
1291.2857080144543
539.8428200611046
481.3571327498981
473.54442067444324
495.4200144857168
469.8571316631777
501.6555543988943
1160.6154390252555
462.5874920748174
478.72856791530336
1307.2845597679798
1148.0538031229605
1301.9768807750481
522.7571486362389
1140.0922846335632
1155.3076310799672
452.5250173173845
1294.1922849187483
1233.6214472140584
497.45715223252773
1218.3429141129766
509.06664691865444
379.0595865947135
382.3193691430553
379.9855709075928
381.7378316779394
404.512498062104
533.6000234819949
400.9885713458061
1371.6846561202635
525.5499912891537
536.474963882938
518.9374554902315
515.2000347152352
517.8285895713738
1352.3999601602554
527.3571370967796
1352.5768827933532
702.649966115132
1187.1538339899137
475.33330507576466
484.97143933283434
532.4499739799649
478.40001061558723
1166.2769632843824
489.669987000525
487.37003467977047
1224.7500408973012
1187.6846018892068
1137.2615225039995
1298.0845828468982
512.0374727994204
1284.6384627314715
489.8999759461731
420.22351065979285
486.4499846007675
380.3473671800212
517.4999940209091
497.5666602452596
375.2500061755595
1305.5153334370027
1356.4249500632286
492.5285632322942
1945.79993840307
534.1750220395625
1347.2692038004216
489.06362869522786
1162.5615879893303
505.9999879449606
516.6374612599611
483.65712698016847
505.07999025285244
554.6285571264369
1697.40003766492
1202.5167234241962
1297.023047048312
467.3600010573864
474.25998374819756
524.3999941740185
1178.4846249681252
508.299982175231
523.4142898448875
1196.8214197882585
524.7285722621849
1315.2462072097337
510.271405801177
1215.6385068710033
535.8999478630722
455.1699897274375
377.7411930701312
381.32819418723767
490.47497450374067
528.999965172261
477.6333086192608
1250.2142627324376
490.55713960634813
463.83332228288054
1386.9000025666678
575.7667240686715
505.61665557324886
533.6000234819949
482.3428744982396
456.8153669914374
538.5285975145442
1301.2691902426573
1197.061501443386
1171.2307970111187
573.4666949138045
495.48569867121324
509.21997986733913
498.2636437158693
454.69229539426476
477.88890078663826
568.6749878805131
531.2999768648297
496.1428398798619
536.6666475310922
385.5238003390176
375.88449916716434
426.4200199395418
535.2428316005638
471.11663734540343
382.60619357689137
473.41666650027037
382.8173145078696
519.0333584323525
515.9666296094656
528.233265504241
380.95403077273534
521.3332828134298
535.8999478630722
386.14443813761073
535.8999478630722
1183.9692265941546
431.9158088611929
484.88182100382716
546.2499393615872
430.2825246538435
525.2624920103699
1154.2460952813808
471.7090886763551
1204.2142583855561
518.9374554902315
1334.1769289511901
451.7199983820319
456.77998568862677
472.54545021463525
472.93746611103415
1186.976911356816
1279.6846290047351
497.45715223252773
491.5428813546896
1159.553903226669
472.0750206615776
518.8143013843468
527.685707701104
524.4000016578606
1320.907731468861
1143.4538146624197
504.68570552766323
422.0500122755766
528.999965172261
379.23564427885515
537.4333122745156
384.41881021060567
477.0200187340379
393.8383085930601
381.431981921196
533.6000234819949
377.9666641583809
387.5103361647705
501.3999994844198
529.7666299156845
504.8499384429306
383.8139349844918
488.5199898853898
504.8499384429306
846.3999722152948
851.0000654496253
401.450013336928
396.93648750717574
414.44720700383186
494.50001679360867
406.2585396374144
414.613327011466
403.86054192630337
480.69999902509153
453.8666922599077
480.69999902509153
534.3667231500149
537.4333122745156
383.5414243595941
378.85392398646707
548.9332834258676
515.9666296094656
382.20310180457597
387.9901435640123
481.08334885910153
558.8999949395657
529.7666299156845
385.9140844622128
380.46683172644276
560.4333593510091
540.5000410974026
386.10945798848803
816.5001519955695
387.57501170039177
643.4249924495816
446.5538542717695
540.4999852180481
465.62221832573414
509.21997986733913
378.7225295960064
402.430309490724
421.00000073728353
385.1303215479959
407.8263073767486
377.53977812826633
606.0498941224068
375.6587537600822
394.2200168967247
482.53996297717094
522.0999475568533
837.2001524548978
491.81665526703
494.49996440671384
434.31665981188416
516.7333292774856
382.49000906944275
530.5333295837045
433.5499950684607
408.18236439543614
390.97603876143694
427.2249760106206
378.8134333357882
437.3285520289625
433.461547184449
374.518139251871
373.4679365495466
788.9000640716404
377.1708735936805
391.42367282980365
386.04617405396243
427.79999361796814
449.42000415176153
447.7333277463913
376.7000025381213
406.2374937348068
526.7000407911837
383.5025932881739
469.71109695732594
533.6000234819949
393.860968874722
543.5666302219033
371.4780327750415
458.6857311161501
488.7500312179327
883.199879899621
449.75456019694155
548.1667234562337
478.68750407360494
504.2750446591526
438.88182209973985
404.4567276515178
394.5266703764598
441.80908748372036
417.8333329036832
396.45185073216754
409.79426354169846
648.5999445430934
584.9666311405599
429.84443716704845
532.6799629256129
383.1179959050725
384.70152765512466
489.3249773886055
491.6250240057707
474.9499959871173
500.2499499823898
377.33143993786405
577.299966244027
383.3131668599028
455.9111315757036
416.1357181146741
383.8578897311275
378.50638926029205
454.0199926123023
420.494147521608
391.2059645821799
539.7333763539791
541.266705840826
411.6080068051815
548.9332834258676
471.11663734540343
500.2499499823898
478.14445570111275
430.4631809262853
439.30000559027707
624.4500575121492
391.3419069470586
404.4236276637424
518.0750100407749
421.11906888229504
386.46159560552667
388.3973822781914
383.5800649790928
530.5333295837045
529.7666299156845
375.4568531324989
378.22892497244635
375.9366210917352
477.0200187340379
535.1332831196487
372.72024680586424
464.60000798106194
374.0659536241175
453.1000158749521
535.1332831196487
438.8399887830019
460.00001952052116
383.43556225299835
444.5272624831308
462.8749913536012
777.3998309858143
445.6888884305954
795.8001515362412
406.093752826564
814.2001053784043
1349.569198030692
1330.461553656138
1336.4769231814605
504.8499908298254
1241.999979202564
496.03331135585904
567.3333769664168
541.8143035577876
1401.7615037468763
1325.950026512146
554.3000463928495
519.7999882511795
559.5571760620389
1183.4384586948615
548.7142862485988
495.15715800225735
465.7500050961971
490.2833257801831
539.9250076152384
483.0000157068883
452.4947487209973
516.3499619811773
504.68570552766323
397.02973051651105
519.0333584323525
380.5697873927826
525.1666763797402
484.97143933283434
451.94999780505896
538.9666766859591
379.8322379589081
521.3332828134298
379.50001797586117
542.0332658104599
1353.8153412250372
528.9999901184013
1332.4077026202128
451.5666514635086
458.1182136793028
489.5713978580066
1176.8923212702457
1149.9999520870356
550.0285686658962
1240.5845981377822
506.32855854928493
556.9286112274442
1158.315444794985
526.3714252838066
1300.915344976462
494.828587397933
1323.9154162315222
1320.3769635695678
523.0857192405632
1139.5615167342698
474.05557706952095
463.7636540626938
501.3999695490514
520.4571544059685
1614.600035827607
494.11668442189693
392.6866501569748
463.61426024564673
381.67896043313175
415.34167248755693
380.8441583986406
407.2839841246605
529.7666299156845
374.7539594769478
396.1111232638359
